  275.3378
  267.5700
  264.2748
  271.5188
  266.9938
  271.0750
  211.3982
  227.2512
  218.7809
  214.2655
  210.3254
  227.2075
  206.3623
  213.9441
  257.1544
  263.6792
  249.3196
  193.0492
  254.7753
  193.4539
  251.6658
  248.6170
  242.0749
  250.2040
  210.0093
  263.1157
  266.3127
  233.6658
  219.0243
  230.1823
  223.2276
  242.5404
  206.6601
  212.2863
  282.7689
  294.1218
  310.5286
  305.0362
  311.4929
  300.5199
  309.9537
  275.1217
  302.1928
  430.8945
  394.1256
  342.7859
  568.6764
  395.9566
  361.8339
  397.3663
  333.7622
  328.6775
  337.8651
  361.2031
  401.5329
  444.3569
  373.8760
  385.3742
  347.7172
  342.8793
  352.7156
  413.7795
  201.7054
  239.4285
  264.7180
  284.4557
  278.3060
  319.8045
  310.0265
  316.6590
  312.6467
  292.3476
  303.0573
  295.9267
  330.5259
  344.9891
  342.5172
  347.2969
  387.4686
  379.4046
  336.2541
  339.7121
  330.7878
  325.1068
  203.8595
  216.2351
  204.0933
  203.7782
  211.6882
  232.7957
  232.5201
  272.7524
  321.6230
  264.5259
  222.8500
  351.5713
  372.3306
  216.8964
  345.2846
  319.2995
  443.0330
  290.2231
  276.8748
  228.0849
  256.4615
  228.7665
  271.8020
  362.8482
  317.1761
  339.7512
  384.4029
  356.9647
  289.8533
  357.9156
  233.4473
  284.9032
  260.7384
  289.5350
  287.4168
  245.4297
  250.9613
  219.6562
  234.9110
  250.2737
  217.5230
  186.9884
  220.6210
  192.2436
  197.7597
  207.5696
  250.9613
  327.8386
  232.2295
  324.1384
  215.5692
  222.3904
  218.1264
  204.1634
  188.7329
  210.8822
  189.1376
  202.8303
  207.9633
  254.4063
  168.1384
  269.0354
  259.9703
  257.3221
  284.0703
  318.9078
  314.7041
  268.1272
  282.4286
  275.7807
  358.5891
  364.8976
  405.5514
  388.3125
  410.5164
  432.8278
  333.1611
  385.4307
  398.5681
  322.5422
  334.3137
  358.3797
  323.1851
  329.5564
  337.7417
  299.8828
  367.1403
  369.0062
  368.6241
  333.0153
  335.4998
  338.1861
  331.5645
  360.3478
  283.3017
  249.5364
  238.5432
  286.1039
  314.5558
  317.2013
  301.0414
  230.9231
  208.7162
  317.9927
  333.9451
  334.5247
  339.5666
  366.3356
  394.2224
  562.7919
  510.0694
  406.6574
  213.2161
  214.1001
  249.6648
  249.3589
  225.4583
  222.8516
  300.6389
  291.4373
  320.4327
  274.9159
  287.0544
  318.1284
  310.7139
  335.8937
  325.1311